x <- c(4,3,2,1)
x
y <- c(2,2,2,2)
x+y
